>> simbruit

simbruit =

         0    0.5210
    0.1000    0.4687
    0.2000    0.4096
    0.3000    0.7194
    0.4000    0.4346
    0.5000    1.6856
    0.6000    1.1308
    0.7000    2.0810
    0.8000    1.5634
    0.9000    1.9973
    1.0000    1.1166