Bb=[ 3.0 -2.0  1.0 -5.5  9.5;
    4.0 -3.0  6.0  8.0  3.4;
   -5.0  4.6  2.0  7.0 -2.1;
    2.0 10.6 -1.5  9.0  6.5];